['red1', 255, 60, 187]
['red1', 255, 107, 108]
['red1', 0, 178, 196]
['red1', 255, 224, 191]
['red1', 0, 9, 16]
['red1', 0, 98, 132]
['red1', 255, 207, 194]
['red1', 255, 239, 154]
['red1', 0, 89, 210]
['red1', 0, 22, 199]
['red1', 255, 126, 29]
['red1', 0, 15, 157]
['red1', 255, 228, 35]
['red1', 0, 109, 142]
['red1', 255, 175, 5]
['red1', 255, 20, 241]
['red1', 255, 93, 199]
['red1', 255, 196, 0]
['red1', 0, 116, 214]
['red1', 0, 170, 230]
['red1', 255, 138, 225]
['red1', 255, 48, 156]
['red1', 0, 77, 1]
['red1', 0, 60, 12]
['red1', 0, 126, 176]
['red1', 255, 220, 91]
['red1', 255, 224, 208]
['red1', 0, 128, 182]
['red1', 0, 70, 189]
['red1', 0, 226, 229]
['red1', 255, 207, 159]
['red1', 0, 84, 114]
['red1', 0, 199, 0]
['red1', 0, 172, 7]
['red1', 0, 242, 231]
['red1', 255, 211, 240]
['red1', 255, 218, 13]
['red1', 255, 138, 197]
['red1', 255, 78, 120]
['red1', 255, 41, 62]
['red1', 0, 180, 176]
['red1', 0, 196, 222]
['red1', 255, 26, 94]
['red1', 0, 101, 210]
['red1', 0, 241, 249]
['red1', 0, 188, 162]
['red1', 0, 184, 225]
['red1', 0, 11, 143]
['red1', 0, 167, 215]
['red1', 0, 173, 242]
['red1', 255, 35, 227]
['red1', 255, 100, 243]
['red1', 255, 204, 99]
['red1', 0, 22, 0]
['red1', 0, 214, 160]
['red1', 0, 169, 240]
['red1', 0, 240, 51]
['red1', 0, 184, 41]
['red1', 0, 211, 244]
['red1', 0, 226, 57]
['red1', 0, 109, 117]
['red1', 255, 219, 57]
['red1', 0, 239, 177]
['red1', 255, 160, 128]
['red1', 0, 233, 193]
['red1', 255, 48, 219]
['red1', 0, 155, 218]
['red1', 255, 172, 142]
['red1', 255, 32, 101]
['red1', 255, 165, 140]
['red1', 0, 14, 180]
['red1', 0, 249, 89]
['red1', 0, 207, 187]
['red1', 0, 234, 219]
['red1', 255, 195, 171]
['red1', 255, 62, 190]
['red1', 255, 69, 194]
['red1', 0, 139, 64]
['red1', 0, 234, 210]
['red1', 255, 204, 43]
['red1', 0, 245, 93]
['red1', 255, 10, 216]
['red1', 255, 247, 241]
['red1', 255, 30, 247]
['red1', 255, 165, 191]
['red1', 255, 37, 48]
['red1', 255, 78, 67]
['red1', 0, 89, 7]
['red1', 255, 223, 58]
['red1', 255, 30, 100]
['red1', 0, 37, 117]
['red1', 0, 90, 91]
['red1', 0, 97, 69]
['red1', 0, 91, 75]
['red1', 0, 211, 16]
['red1', 0, 224, 57]
['red1', 0, 78, 146]
['red1', 255, 9, 101]
['red1', 0, 113, 89]
['red1', 0, 51, 7]
['red1', 255, 3, 69]
['red1', 255, 3, 110]
['red1', 255, 95, 135]
['red1', 0, 182, 188]
['red1', 255, 159, 23]
['red1', 255, 197, 242]
['red1', 0, 244, 100]
['red1', 0, 98, 246]
['red1', 0, 26, 84]
['red1', 0, 208, 7]
['red1', 255, 223, 85]
['red1', 0, 104, 10]
['red1', 255, 136, 233]
['red1', 255, 212, 71]
['red1', 0, 161, 54]
['red1', 255, 103, 95]
['red1', 255, 229, 206]
['red1', 0, 89, 221]
['red1', 255, 89, 196]
['red1', 255, 0, 140]
['red1', 0, 234, 204]
['red1', 255, 66, 66]
['red1', 0, 12, 85]
['red1', 0, 158, 106]
['red1', 0, 135, 107]
['red1', 255, 168, 157]
['red1', 0, 20, 223]
['red1', 255, 7, 54]
['red1', 0, 51, 134]
['red1', 0, 140, 79]
['red1', 0, 183, 145]
['red1', 0, 19, 182]
['red1', 255, 106, 234]
['red1', 255, 82, 74]
['red1', 0, 142, 110]
['red1', 0, 193, 228]
['red1', 255, 100, 127]
['red1', 255, 132, 201]
['red1', 0, 180, 54]
['red1', 255, 145, 166]
['red1', 255, 122, 190]
['red1', 0, 225, 122]
['red1', 0, 182, 111]
['red1', 255, 121, 109]
['red1', 0, 113, 40]
['red1', 0, 236, 84]
['red1', 255, 160, 50]
['red1', 0, 156, 211]
['red1', 255, 92, 56]
['red1', 0, 196, 116]
['red1', 0, 241, 254]
['red1', 0, 215, 63]
['red1', 255, 231, 161]
['red1', 255, 200, 97]
['red1', 0, 228, 137]
['red1', 0, 80, 173]
['red1', 0, 170, 32]
['red1', 0, 65, 99]
['red1', 0, 20, 65]
['red1', 255, 106, 202]
['red1', 0, 91, 160]
['red1', 255, 222, 199]
['red1', 0, 143, 136]
['red1', 0, 45, 231]
['red1', 0, 82, 111]
['red1', 0, 43, 101]
['red1', 0, 133, 193]
['red1', 0, 219, 106]
['red1', 255, 41, 242]
['red1', 255, 167, 117]
['red1', 0, 227, 194]
['red1', 255, 37, 177]
['red1', 0, 238, 36]
['red1', 255, 58, 229]
['red1', 0, 157, 134]
['red1', 0, 221, 38]
['red1', 0, 152, 152]
['red1', 255, 104, 119]
['red1', 255, 106, 117]
['red1', 255, 234, 155]
['red1', 0, 50, 247]
['red1', 0, 142, 9]
['red1', 255, 39, 243]
['red1', 0, 118, 35]
['red1', 0, 14, 169]
['red1', 255, 55, 20]
['red1', 255, 80, 71]
['red1', 0, 62, 163]
['red1', 0, 239, 101]
['red1', 0, 183, 27]
['red1', 255, 152, 193]
['red1', 255, 100, 166]
['red1', 255, 215, 119]
['red1', 255, 154, 63]
['red1', 0, 110, 208]
['red1', 255, 230, 110]
['red1', 0, 205, 168]
['red1', 255, 70, 180]
['red1', 0, 108, 212]
['red1', 0, 215, 134]
['red1', 0, 148, 166]
['red1', 0, 154, 207]
['red1', 0, 53, 194]
['red1', 255, 200, 144]
['red1', 0, 97, 101]
['red1', 0, 169, 77]
['red1', 255, 243, 128]
['red1', 0, 74, 117]
['red1', 0, 181, 25]
['red1', 255, 227, 236]
['red1', 255, 92, 47]
['red1', 255, 176, 50]
['red1', 255, 123, 145]
['red1', 0, 118, 143]
['red1', 0, 63, 136]
['red1', 0, 10, 229]
['red1', 0, 213, 80]
['red1', 0, 42, 53]
['red1', 0, 84, 192]
['red1', 255, 78, 55]
['red1', 0, 179, 206]
['red1', 0, 30, 22]
['red1', 255, 117, 18]
['red1', 255, 207, 89]
['red1', 0, 97, 69]
['red1', 0, 185, 149]
['red1', 0, 164, 66]
['red1', 255, 78, 196]
['red1', 255, 97, 100]
['red1', 255, 233, 173]
['red1', 0, 0, 42]
['red1', 0, 209, 253]
['red1', 255, 169, 81]
['red1', 255, 147, 58]
['red1', 0, 186, 36]
['red1', 255, 83, 58]
['red1', 0, 1, 64]
['red1', 0, 184, 116]
['red1', 0, 245, 188]
['red1', 0, 238, 5]
['red1', 0, 42, 187]
['red1', 255, 192, 42]
['red1', 0, 136, 196]
['red1', 255, 237, 76]
['red1', 255, 16, 234]
['red1', 255, 204, 197]
['red1', 0, 104, 66]
['red1', 0, 46, 144]
['red1', 0, 107, 138]
['red1', 255, 250, 244]
['red2', 255, 8, 32]
['red2', 0, 71, 181]
['red2', 255, 231, 228]
['red2', 0, 232, 163]
['red2', 0, 182, 43]
['red2', 255, 134, 161]
['red2', 255, 63, 18]
['red2', 255, 237, 5]
['red2', 255, 146, 36]
['red2', 255, 7, 45]
['red2', 0, 122, 180]
['red2', 0, 253, 31]
['red2', 0, 85, 18]
['red2', 255, 84, 131]
['red2', 0, 69, 230]
['red2', 255, 38, 212]
['red2', 255, 195, 5]
['red2', 255, 60, 216]
['red2', 0, 47, 3]
['red2', 0, 106, 220]
['red2', 0, 216, 217]
['red2', 255, 190, 132]
['red2', 255, 215, 237]
['red2', 255, 204, 161]
['red2', 255, 128, 167]
['red2', 255, 243, 183]
['red2', 0, 14, 45]
['red2', 0, 102, 43]
['red2', 0, 163, 204]
['red2', 0, 207, 40]
['red2', 255, 222, 63]
['red2', 0, 109, 42]
['red2', 255, 3, 45]
['red2', 255, 186, 48]
['red2', 255, 66, 175]
['red2', 0, 203, 148]
['red2', 0, 88, 218]
['red2', 255, 8, 112]
['red2', 255, 252, 125]
['red2', 255, 10, 128]
['red2', 255, 118, 174]
['red2', 0, 150, 168]
['red2', 255, 104, 22]
['red2', 0, 178, 98]
['red2', 0, 206, 128]
['red2', 255, 218, 189]
['red2', 0, 1, 31]
['red2', 255, 155, 197]
['red2', 255, 61, 150]
['red2', 0, 140, 164]
['red2', 255, 171, 128]
['red2', 255, 151, 43]
['red2', 0, 25, 64]
['red2', 255, 72, 88]
['red2', 0, 129, 113]
['red2', 255, 7, 134]
['red2', 0, 109, 83]
['red2', 0, 162, 12]
['red2', 0, 124, 89]
['red2', 255, 236, 57]
['red2', 255, 87, 166]
['red2', 0, 95, 56]
['red2', 0, 248, 87]
['red2', 255, 179, 113]
['red2', 255, 35, 2]
['red2', 0, 24, 219]
['red2', 0, 136, 168]
['red2', 255, 215, 172]
['red2', 0, 93, 113]
['red2', 255, 97, 193]
['red2', 0, 152, 39]
['red2', 255, 252, 109]
['red2', 255, 56, 124]
['red2', 255, 124, 42]
['red2', 255, 48, 202]
['red2', 0, 116, 206]
['red2', 0, 6, 172]
['red2', 255, 87, 69]
['red2', 0, 44, 214]
['red2', 0, 57, 90]
['red2', 255, 26, 195]
['red2', 0, 204, 114]
['red2', 255, 200, 234]
['red2', 255, 224, 247]
['red2', 0, 47, 11]
['red2', 255, 237, 220]
['red2', 255, 97, 129]
['red2', 255, 12, 14]
['red2', 255, 104, 120]
['red2', 255, 244, 182]
['red2', 0, 93, 129]
['red2', 0, 73, 155]
['red2', 255, 119, 244]
['red2', 255, 56, 175]
['red2', 255, 223, 210]
['red2', 0, 50, 152]
['red2', 0, 141, 3]
['red2', 0, 96, 103]
['red2', 255, 78, 58]
['red2', 255, 212, 159]
['red2', 0, 206, 147]
['red2', 255, 176, 79]
['red2', 0, 176, 5]
['red2', 0, 220, 3]
['red2', 255, 153, 60]
['red2', 0, 28, 23]
['red2', 255, 124, 153]
['red2', 255, 215, 26]
['red2', 255, 24, 176]
['red2', 0, 232, 20]
['red2', 0, 177, 95]
['red2', 0, 220, 144]
['red2', 255, 41, 242]
['red2', 0, 251, 247]
['red2', 0, 73, 102]
['red2', 255, 180, 244]
['red2', 0, 183, 219]
['red2', 0, 92, 225]
['red2', 255, 191, 129]
['red2', 255, 85, 193]
['red2', 0, 27, 162]
['red2', 0, 226, 121]
['red2', 255, 108, 147]
['red2', 255, 219, 249]
['red2', 255, 129, 37]
['red2', 0, 117, 176]
['red2', 255, 53, 97]
['red2', 255, 241, 143]
['red2', 0, 119, 18]
['red2', 0, 63, 205]
['red2', 255, 90, 59]
['red2', 255, 65, 139]
['red2', 0, 78, 202]
['red2', 255, 231, 195]
['red2', 255, 83, 145]
['red2', 255, 16, 55]
['red2', 0, 17, 131]
['red2', 255, 36, 115]
['red2', 0, 124, 193]
['red2', 0, 232, 161]
['red2', 255, 167, 120]
['red2', 255, 14, 31]
['red2', 255, 137, 170]
['red2', 0, 96, 138]
['red2', 255, 234, 29]
['red2', 255, 199, 209]
['red2', 0, 157, 6]
['red2', 0, 112, 97]
['red2', 255, 7, 32]
['red2', 0, 172, 147]
['red2', 255, 95, 49]
['red2', 0, 191, 166]
['red2', 0, 99, 208]
['red2', 0, 0, 34]
['red2', 255, 66, 107]
['red2', 255, 237, 39]
['red2', 255, 102, 190]
['red2', 255, 177, 183]
['red2', 255, 166, 58]
['red2', 255, 229, 254]
['red2', 255, 224, 94]
['red2', 255, 163, 103]
['red2', 0, 174, 170]
['red2', 0, 184, 13]
['red2', 255, 213, 62]
['red2', 255, 155, 206]
['red2', 255, 13, 62]
['red2', 255, 12, 251]
['red2', 255, 219, 45]
['red2', 255, 165, 85]
['red2', 255, 243, 75]
['red2', 255, 192, 150]
['red2', 255, 155, 145]
['red2', 255, 24, 97]
['red2', 0, 207, 104]
['red2', 0, 195, 18]
['red2', 255, 86, 63]
['red2', 0, 133, 212]
['red2', 255, 25, 219]
['red2', 255, 194, 22]
['red2', 255, 42, 37]
['red2', 255, 55, 78]
['red2', 0, 236, 0]
['red2', 255, 52, 81]
['red2', 0, 130, 152]
['red2', 0, 90, 94]
['red2', 255, 182, 127]
['red2', 0, 55, 180]
['red2', 255, 80, 69]
['red2', 0, 59, 169]
['red2', 255, 68, 128]
['red2', 0, 117, 53]
['red2', 255, 67, 142]
['red2', 255, 254, 192]
['red2', 0, 222, 111]
['red2', 255, 87, 4]
['red2', 0, 49, 94]
['red2', 255, 161, 47]
['red2', 0, 78, 76]
['red2', 255, 169, 46]
['red2', 255, 201, 1]
['red2', 0, 39, 31]
['red2', 255, 57, 127]
['red2', 255, 185, 228]
['red2', 255, 170, 218]
['red2', 0, 109, 76]
['red2', 255, 96, 102]
['red2', 255, 198, 54]
['red2', 255, 205, 156]
['red2', 255, 167, 67]
['red2', 255, 115, 159]
['red2', 255, 79, 1]
['red2', 0, 83, 234]
['red2', 255, 12, 86]
['red2', 0, 13, 190]
['red2', 255, 188, 34]
['red2', 255, 143, 237]
['red2', 255, 56, 128]
['red2', 0, 174, 230]
['red2', 0, 60, 131]
['red2', 255, 64, 168]
['red2', 0, 192, 231]
['red2', 0, 224, 204]
['red2', 0, 203, 62]
['red2', 255, 121, 229]
['red2', 255, 12, 0]
['red2', 255, 149, 167]
['red2', 255, 230, 188]
['red2', 0, 34, 202]
['red2', 0, 248, 228]
['red2', 0, 3, 56]
['red2', 255, 219, 169]
['red2', 0, 128, 85]
['red2', 0, 132, 96]
['red2', 0, 100, 165]
['red2', 255, 28, 93]
['red2', 255, 72, 99]
['red2', 255, 65, 209]
['red2', 255, 239, 87]
['red2', 255, 118, 139]
['red2', 0, 6, 105]
['red2', 255, 137, 143]
['red2', 255, 56, 222]
['red2', 255, 114, 164]
['red2', 0, 21, 3]
['red2', 0, 10, 226]
['red2', 0, 72, 104]
['red2', 255, 20, 149]
['red2', 0, 143, 119]
['red2', 255, 72, 25]
['red3', 0, 139, 37]
['red3', 0, 41, 57]
['red3', 0, 34, 119]
['red3', 0, 135, 201]
['red3', 255, 150, 173]
['red3', 255, 226, 176]
['red3', 255, 240, 25]
['red3', 0, 48, 28]
['red3', 255, 132, 84]
['red3', 0, 228, 29]
['red3', 255, 231, 31]
['red3', 0, 242, 148]
['red3', 0, 48, 112]
['red3', 255, 13, 1]
['red3', 0, 170, 219]
['red3', 255, 133, 103]
['red3', 0, 67, 71]
['red3', 0, 200, 122]
['red3', 255, 226, 215]
['red3', 0, 147, 195]
['red3', 0, 183, 2]
['red3', 0, 147, 97]
['red3', 255, 162, 133]
['red3', 255, 157, 188]
['red3', 255, 27, 80]
['red3', 0, 246, 197]
['red3', 0, 183, 116]
['red3', 0, 251, 209]
['red3', 0, 59, 51]
['red3', 0, 12, 131]
['red3', 0, 13, 154]
['red3', 0, 231, 148]
['red3', 255, 105, 116]
['red3', 0, 80, 153]
['red3', 255, 227, 31]
['red3', 0, 146, 103]
['red3', 0, 158, 56]
['red3', 0, 148, 117]
['red3', 0, 102, 170]
['red3', 0, 41, 57]
['red3', 255, 110, 113]
['red3', 255, 2, 16]
['red3', 0, 196, 169]
['red3', 0, 57, 245]
['red3', 255, 33, 11]
['red3', 255, 71, 163]
['red3', 255, 231, 111]
['red3', 255, 48, 37]
['red3', 255, 190, 224]
['red3', 255, 170, 77]
['red3', 255, 195, 43]
['red3', 255, 119, 71]
['red3', 0, 102, 206]
['red3', 255, 55, 4]
['red3', 255, 140, 227]
['red3', 0, 170, 78]
['red3', 255, 27, 110]
['red3', 255, 171, 141]
['red3', 0, 42, 118]
['red3', 255, 25, 182]
['red3', 255, 46, 99]
['red3', 255, 203, 27]
['red3', 0, 138, 7]
['red3', 0, 178, 86]
['red3', 255, 130, 39]
['red3', 255, 47, 230]
['red3', 255, 55, 122]
['red3', 0, 255, 171]
['red3', 255, 54, 83]
['red3', 0, 126, 131]
['red3', 255, 46, 68]
['red3', 0, 237, 9]
['red3', 0, 90, 232]
['red3', 0, 133, 27]
['red3', 255, 74, 24]
['red3', 0, 101, 184]
['red3', 0, 125, 139]
['red3', 255, 195, 228]
['red3', 0, 122, 1]
['red3', 0, 180, 89]
['red3', 255, 60, 234]
['red3', 255, 73, 28]
['red3', 255, 106, 45]
['red3', 0, 95, 145]
['red3', 255, 60, 182]
['red3', 0, 125, 237]
['red3', 0, 164, 20]
['red3', 255, 70, 53]
['red3', 255, 215, 85]
['red3', 0, 163, 187]
['red3', 0, 44, 0]
['red3', 255, 62, 145]
['red3', 0, 18, 17]
['red3', 0, 56, 104]
['red3', 255, 218, 192]
['red3', 0, 88, 196]
['red3', 255, 14, 107]
['red3', 0, 185, 0]
['red3', 255, 127, 241]
['red3', 255, 98, 81]
['red3', 0, 100, 132]
['red3', 0, 218, 73]
['red3', 255, 87, 171]
['red3', 0, 217, 66]
['red3', 0, 46, 31]
['red3', 255, 25, 1]
['red3', 0, 8, 205]
['red3', 255, 240, 223]
['red3', 255, 142, 154]
['red3', 0, 150, 240]
['red3', 255, 88, 106]
['red3', 255, 161, 241]
['red3', 0, 194, 12]
['red3', 0, 117, 204]
['red3', 255, 116, 40]
['red3', 0, 66, 126]
['red3', 255, 209, 185]
['red3', 0, 10, 170]
['red3', 255, 114, 186]
['red3', 255, 77, 190]
['red3', 255, 139, 0]
['red3', 0, 128, 107]
['red3', 255, 14, 165]
['red3', 255, 36, 153]
['red3', 255, 219, 19]
['red3', 0, 89, 14]
['red3', 0, 19, 186]
['red3', 0, 108, 246]
['red3', 0, 144, 143]
['red3', 0, 170, 147]
['red3', 0, 108, 19]
['red3', 255, 108, 154]
['red3', 0, 173, 54]
['red3', 0, 109, 141]
['red3', 0, 65, 101]
['red3', 255, 16, 50]
['red3', 0, 252, 151]
['red3', 0, 37, 32]
['red3', 0, 102, 174]
['red3', 0, 247, 160]
['red3', 255, 29, 73]
['red3', 0, 92, 63]
['red3', 255, 7, 21]
['red3', 255, 225, 174]
['red3', 255, 0, 24]
['red3', 255, 208, 59]
['red3', 255, 168, 127]
['red3', 0, 72, 37]
['red3', 0, 55, 209]
['red3', 0, 132, 103]
['red3', 0, 34, 134]
['red3', 255, 103, 251]
['red3', 0, 65, 147]
['red3', 255, 200, 127]
['red3', 0, 29, 254]
['red3', 255, 18, 166]
['red3', 0, 60, 176]
['red3', 0, 22, 209]
['red3', 0, 122, 251]
['red3', 0, 26, 64]
['red3', 255, 236, 11]
['red3', 0, 174, 137]
['red3', 255, 190, 190]
['red3', 255, 242, 10]
['red3', 0, 86, 120]
['red3', 0, 33, 235]
['red3', 0, 136, 122]
['red3', 0, 11, 111]
['red3', 255, 237, 139]
['red3', 255, 112, 81]
['red3', 0, 154, 103]
['red3', 0, 179, 116]
['red3', 255, 84, 109]
['red3', 255, 4, 164]
['red3', 0, 46, 58]
['red3', 255, 156, 115]
['red3', 255, 61, 104]
['red3', 0, 113, 26]
['red3', 0, 4, 125]
['red3', 255, 228, 154]
['red3', 0, 212, 117]
['red3', 0, 117, 179]
['red3', 0, 247, 44]
['red3', 0, 251, 108]
['red3', 0, 145, 226]
['red3', 255, 238, 186]
['red3', 255, 52, 124]
['red3', 255, 32, 0]
['red3', 255, 34, 95]
['red3', 255, 82, 134]
['red3', 255, 201, 53]
['red3', 255, 157, 102]
['red3', 0, 1, 192]
['red3', 255, 66, 223]
['red3', 255, 190, 102]
['red3', 255, 219, 1]
['red3', 255, 175, 222]
['red3', 255, 184, 176]
['red3', 255, 44, 250]
['red3', 0, 159, 30]
['red3', 255, 79, 87]
['red3', 0, 239, 28]
['red3', 0, 196, 38]
['red3', 0, 12, 186]
['red3', 0, 137, 248]
['red3', 255, 100, 159]
['red3', 255, 174, 74]
['red3', 0, 205, 191]
['red3', 0, 89, 170]
['red3', 255, 61, 196]
['red3', 0, 18, 121]
['red3', 0, 222, 49]
['red3', 0, 248, 50]
['red3', 255, 40, 197]
['red3', 255, 59, 104]
['red3', 255, 154, 207]
['red3', 0, 157, 78]
['red3', 255, 148, 138]
['red3', 0, 174, 102]
['red3', 0, 241, 36]
['red3', 0, 61, 54]
['red3', 255, 47, 115]
['red3', 0, 63, 98]
['red3', 0, 235, 157]
['red3', 0, 138, 169]
['red3', 255, 253, 210]
['red3', 255, 109, 142]
['red3', 0, 228, 253]
['red3', 255, 251, 249]
['red3', 255, 146, 252]
['red3', 255, 24, 52]
['red3', 0, 153, 32]
['red3', 255, 84, 243]
['red3', 255, 52, 67]
['red3', 0, 9, 82]
['red3', 0, 105, 52]
['red3', 255, 233, 187]
['red3', 0, 99, 21]
['red3', 255, 188, 157]
['red3', 255, 4, 253]
['red3', 0, 148, 178]
['red3', 255, 93, 4]
['red3', 0, 154, 42]
['red3', 0, 245, 203]
['red3', 255, 188, 226]
['red3', 0, 10, 167]
['red3', 0, 141, 35]
['red3', 255, 210, 59]
['red3', 255, 64, 126]
['red3', 255, 217, 100]
['red4', 0, 84, 6]
['red4', 0, 201, 5]
['red4', 255, 162, 106]
['red4', 255, 47, 167]
['red4', 0, 174, 117]
['red4', 0, 163, 113]
['red4', 255, 40, 215]
['red4', 255, 206, 193]
['red4', 255, 126, 87]
['red4', 255, 142, 149]
['red4', 0, 148, 227]
['red4', 255, 58, 56]
['red4', 0, 67, 203]
['red4', 255, 213, 156]
['red4', 255, 86, 231]
['red4', 0, 121, 131]
['red4', 255, 37, 77]
['red4', 255, 17, 61]
['red4', 0, 63, 142]
['red4', 255, 133, 158]
['red4', 0, 10, 122]
['red4', 255, 182, 226]
['red4', 255, 227, 184]
['red4', 0, 115, 73]
['red4', 255, 197, 208]
['red4', 0, 185, 138]
['red4', 255, 116, 184]
['red4', 255, 170, 207]
['red4', 0, 43, 206]
['red4', 255, 240, 55]
['red4', 255, 64, 26]
['red4', 255, 52, 53]
['red4', 0, 126, 114]
['red4', 255, 84, 31]
['red4', 255, 49, 103]
['red4', 0, 32, 114]
['red4', 0, 138, 176]
['red4', 255, 127, 57]
['red4', 0, 210, 75]
['red4', 0, 247, 223]
['red4', 255, 110, 66]
['red4', 0, 194, 105]
['red4', 0, 38, 144]
['red4', 255, 123, 138]
['red4', 0, 66, 133]
['red4', 0, 215, 9]
['red4', 0, 26, 204]
['red4', 0, 128, 234]
['red4', 255, 231, 184]
['red4', 255, 171, 95]
['red4', 0, 137, 198]
['red4', 255, 95, 134]
['red4', 0, 206, 64]
['red4', 255, 140, 21]
['red4', 255, 223, 220]
['red4', 255, 111, 254]
['red4', 0, 137, 60]
['red4', 255, 104, 128]
['red4', 255, 146, 133]
['red4', 255, 64, 236]
['red4', 0, 131, 220]
['red4', 0, 31, 34]
['red4', 0, 29, 191]
['red4', 0, 167, 217]
['red4', 0, 96, 65]
['red4', 0, 173, 139]
['red4', 255, 156, 2]
['red4', 0, 68, 219]
['red4', 0, 230, 105]
['red4', 255, 114, 54]
['red4', 255, 145, 215]
['red4', 255, 173, 247]
['red4', 0, 239, 165]
['red4', 0, 130, 196]
['red4', 0, 97, 11]
['red4', 0, 107, 105]
['red4', 0, 179, 248]
['red4', 0, 6, 86]
['red4', 255, 34, 212]
['red4', 255, 79, 33]
['red4', 0, 131, 82]
['red4', 0, 175, 89]
['red4', 0, 164, 220]
['red4', 0, 91, 14]
['red4', 255, 105, 251]
['red4', 0, 189, 230]
['red4', 0, 27, 66]
['red4', 255, 139, 86]
['red4', 255, 242, 17]
['red4', 255, 48, 112]
['red4', 0, 233, 96]
['red4', 255, 66, 219]
['red4', 255, 220, 60]
['red4', 0, 192, 84]
['red4', 0, 7, 150]
['red4', 255, 255, 178]
['red4', 0, 172, 244]
['red4', 0, 167, 15]
['red4', 0, 28, 38]
['red4', 0, 109, 54]
['red4', 255, 172, 185]
['red4', 255, 12, 222]
['red4', 0, 121, 229]
['red4', 255, 44, 84]
['red4', 255, 159, 149]
['red4', 255, 88, 198]
['red4', 255, 81, 233]
['red4', 255, 135, 145]
['red4', 255, 5, 75]
['red4', 0, 201, 69]
['red4', 0, 202, 168]
['red4', 0, 35, 10]
['red4', 255, 222, 125]
['red4', 0, 91, 180]
['red4', 255, 204, 198]
['red4', 0, 66, 192]
['red4', 255, 52, 245]
['red4', 255, 45, 40]
['red4', 0, 145, 232]
['red4', 255, 156, 42]
['red4', 255, 187, 211]
['red4', 0, 244, 77]
['red4', 0, 81, 15]
['red4', 255, 89, 60]
['red4', 255, 107, 247]
['red4', 0, 245, 115]
['red4', 255, 193, 132]
['red4', 0, 196, 191]
['red4', 0, 159, 24]
['red4', 255, 99, 199]
['red4', 255, 160, 50]
['red4', 255, 212, 140]
['red4', 0, 160, 46]
['red4', 255, 119, 195]
['red4', 255, 68, 99]
['red4', 255, 171, 231]
['red4', 0, 46, 199]
['red4', 0, 47, 166]
['red4', 0, 84, 147]
['red4', 255, 136, 90]
['red4', 255, 121, 204]
['red4', 0, 210, 181]
['red4', 255, 158, 193]
['red4', 0, 63, 206]
['red4', 255, 176, 181]
['red4', 255, 109, 243]
['red4', 255, 253, 152]
['red4', 0, 217, 4]
['red4', 0, 151, 59]
['red4', 0, 92, 130]
['red4', 0, 26, 217]
['red4', 0, 157, 104]
['red4', 255, 72, 231]
['red4', 255, 193, 221]
['red4', 0, 21, 128]
['red4', 255, 19, 70]
['red4', 0, 61, 224]
['red4', 0, 21, 237]
['red4', 0, 130, 51]
['red4', 0, 13, 46]
['red4', 255, 205, 78]
['red4', 0, 81, 251]
['red4', 255, 183, 76]
['red4', 255, 34, 66]
['red4', 0, 102, 41]
['red4', 255, 40, 191]
['red4', 255, 147, 65]
['red4', 255, 132, 118]
['red4', 0, 19, 189]
['red4', 0, 227, 245]
['red4', 0, 235, 214]
['red4', 255, 15, 76]
['red4', 255, 218, 170]
['red4', 255, 0, 255]
['red4', 255, 167, 183]
['red4', 255, 23, 73]
['red4', 255, 165, 255]
['red4', 255, 47, 36]
['red4', 0, 215, 186]
['red4', 0, 109, 36]
['red4', 255, 213, 220]
['red4', 0, 138, 231]
['red4', 255, 229, 148]
['red4', 0, 182, 29]
['red4', 0, 223, 92]
['red4', 255, 145, 165]
['red4', 0, 21, 80]
['red4', 255, 238, 24]
['red4', 255, 212, 197]
['red4', 0, 94, 167]
['red4', 255, 12, 205]
['red4', 255, 64, 188]
['red4', 0, 144, 107]
['red4', 0, 186, 228]
['red4', 255, 211, 245]
['red4', 255, 242, 173]
['red4', 255, 7, 4]
['red4', 255, 241, 114]
['red4', 255, 171, 62]
['red4', 255, 204, 231]
['red4', 255, 247, 25]
['red4', 0, 211, 22]
['red4', 255, 109, 156]
['red4', 255, 67, 4]
['red4', 255, 71, 142]
['red4', 0, 161, 158]
['red4', 0, 46, 97]
['red4', 255, 157, 171]
['red4', 255, 162, 92]
['red4', 0, 109, 215]
['red4', 0, 157, 24]
['red4', 0, 32, 56]
['red4', 0, 229, 207]
['red4', 255, 131, 74]
['red4', 0, 90, 99]
['red4', 0, 158, 200]
['red4', 255, 48, 20]
['red4', 255, 58, 117]
['red4', 255, 144, 105]
['red4', 0, 199, 13]
['red4', 0, 32, 172]
['red4', 255, 32, 211]
['red4', 255, 121, 96]
['red4', 255, 103, 149]
['red4', 0, 191, 245]
['red4', 255, 124, 128]
['red4', 255, 113, 149]
['red4', 255, 124, 64]
['red4', 0, 110, 15]
['red4', 0, 133, 242]
['red4', 255, 198, 94]
['red4', 0, 129, 184]
['red4', 255, 66, 101]
['red4', 0, 104, 153]
['red4', 255, 156, 100]
['red4', 0, 36, 191]
['red4', 0, 111, 192]
['red4', 255, 210, 73]
['red4', 255, 95, 126]
['red4', 255, 43, 181]
['red4', 255, 250, 114]
['red4', 0, 90, 251]
['red4', 255, 177, 26]
['red4', 0, 192, 153]
['red4', 0, 159, 199]
['red4', 255, 119, 62]
['red4', 255, 79, 24]
['red4', 255, 14, 23]
['red4', 0, 66, 42]
['red4', 0, 105, 197]
['red5', 0, 119, 222]
['red5', 255, 37, 49]
['red5', 255, 158, 107]
['red5', 0, 201, 7]
['red5', 0, 187, 97]
['red5', 255, 145, 38]
['red5', 255, 140, 57]
['red5', 0, 210, 225]
['red5', 255, 2, 165]
['red5', 0, 47, 129]
['red5', 0, 4, 90]
['red5', 255, 68, 25]
['red5', 255, 29, 125]
['red5', 0, 106, 149]
['red5', 255, 70, 71]
['red5', 255, 32, 156]
['red5', 255, 191, 166]
['red5', 255, 146, 65]
['red5', 0, 112, 248]
['red5', 255, 183, 4]
['red5', 0, 109, 56]
['red5', 255, 209, 235]
['red5', 0, 226, 69]
['red5', 255, 111, 18]
['red5', 255, 23, 207]
['red5', 0, 212, 211]
['red5', 255, 69, 27]
['red5', 0, 245, 164]
['red5', 255, 212, 129]
['red5', 255, 62, 175]
['red5', 0, 59, 199]
['red5', 255, 208, 182]
['red5', 255, 219, 42]
['red5', 255, 83, 240]
['red5', 0, 164, 188]
['red5', 0, 128, 54]
['red5', 255, 131, 134]
['red5', 255, 0, 218]
['red5', 255, 162, 140]
['red5', 0, 255, 149]
['red5', 0, 199, 69]
['red5', 255, 39, 172]
['red5', 255, 199, 12]
['red5', 0, 36, 15]
['red5', 0, 166, 226]
['red5', 255, 57, 247]
['red5', 0, 151, 134]
['red5', 0, 122, 244]
['red5', 255, 170, 179]
['red5', 0, 83, 197]
['red5', 255, 44, 123]
['red5', 0, 167, 50]
['red5', 0, 20, 181]
['red5', 0, 19, 97]
['red5', 255, 26, 191]
['red5', 255, 67, 5]
['red5', 0, 235, 170]
['red5', 0, 152, 252]
['red5', 0, 54, 5]
['red5', 255, 226, 63]
['red5', 255, 116, 136]
['red5', 255, 176, 106]
['red5', 0, 73, 100]
['red5', 0, 210, 68]
['red5', 255, 50, 135]
['red5', 255, 93, 38]
['red5', 0, 78, 112]
['red5', 255, 71, 201]
['red5', 255, 71, 59]
['red5', 0, 226, 250]
['red5', 0, 21, 223]
['red5', 0, 39, 208]
['red5', 255, 65, 146]
['red5', 255, 7, 111]
['red5', 0, 123, 171]
['red5', 255, 116, 49]
['red5', 255, 161, 7]
['red5', 255, 175, 232]
['red5', 0, 17, 117]
['red5', 0, 196, 9]
['red5', 255, 8, 168]
['red5', 255, 211, 181]
['red5', 255, 31, 24]
['red5', 255, 78, 93]
['red5', 0, 126, 92]
['red5', 255, 107, 41]
['red5', 255, 67, 94]
['red5', 0, 209, 121]
['red5', 0, 76, 156]
['red5', 255, 85, 130]
['red5', 255, 158, 43]
['red5', 0, 62, 165]
['red5', 255, 168, 66]
['red5', 255, 136, 16]
['red5', 255, 230, 183]
['red5', 0, 41, 252]
['red5', 0, 92, 172]
['red5', 255, 8, 148]
['red5', 255, 243, 159]
['red5', 255, 90, 148]
['red5', 0, 122, 197]
['red5', 0, 213, 130]
['red5', 255, 133, 210]
['red5', 0, 83, 78]
['red5', 0, 71, 39]
['red5', 255, 204, 111]
['red5', 255, 174, 170]
['red5', 255, 227, 147]
['red5', 255, 33, 190]
['red5', 255, 181, 104]
['red5', 0, 139, 65]
['red5', 255, 167, 91]
['red5', 0, 34, 216]
['red5', 255, 160, 38]
['red5', 255, 65, 137]
['red5', 0, 40, 47]
['red5', 0, 131, 29]
['red5', 255, 180, 176]
['red5', 255, 77, 126]
['red5', 255, 243, 181]
['red5', 255, 29, 21]
['red5', 0, 35, 171]
['red5', 255, 180, 1]
['red5', 255, 227, 198]
['red5', 0, 219, 185]
['red5', 0, 144, 51]
['red5', 0, 44, 184]
['red5', 0, 245, 135]
['red5', 0, 189, 4]
['red5', 0, 13, 115]
['red5', 255, 133, 91]
['red5', 255, 114, 31]
['red5', 0, 105, 229]
['red5', 255, 233, 148]
['red5', 255, 98, 153]
['red5', 0, 235, 67]
['red5', 255, 29, 236]
['red5', 255, 237, 192]
['red5', 255, 31, 26]
['red5', 0, 215, 198]
['red5', 0, 226, 226]
['red5', 0, 238, 106]
['red5', 255, 234, 250]
['red5', 0, 30, 235]
['red5', 255, 20, 248]
['red5', 0, 128, 143]
['red5', 0, 155, 93]
['red5', 255, 226, 252]
['red5', 0, 38, 234]
['red5', 255, 212, 53]
['red5', 255, 172, 192]
['red5', 0, 14, 194]
['red5', 255, 123, 79]
['red5', 0, 237, 191]
['red5', 255, 79, 151]
['red5', 255, 192, 85]
['red5', 255, 201, 50]
['red5', 255, 218, 101]
['red5', 0, 116, 247]
['red5', 255, 103, 60]
['red5', 255, 102, 175]
['red5', 0, 67, 124]
['red5', 0, 143, 22]
['red5', 255, 172, 175]
['red5', 0, 175, 58]
['red5', 255, 18, 138]
['red5', 0, 89, 105]
['red5', 255, 82, 171]
['red5', 0, 17, 128]
['red5', 255, 213, 19]
['red5', 255, 7, 207]
['red5', 0, 163, 152]
['red5', 0, 157, 236]
['red5', 255, 194, 161]
['red5', 0, 71, 10]
['red5', 0, 101, 67]
['red5', 255, 120, 64]
['red5', 0, 153, 137]
['red5', 0, 243, 40]
['red5', 0, 154, 66]
['red5', 0, 138, 127]
['red5', 255, 245, 201]
['red5', 0, 9, 40]
['red5', 0, 33, 4]
['red5', 255, 104, 175]
['red5', 255, 21, 89]
['red5', 0, 92, 19]
['red5', 0, 225, 124]
['red5', 255, 110, 161]
['red5', 255, 3, 132]
['red5', 255, 46, 26]
['red5', 0, 160, 175]
['red5', 255, 121, 194]
['red5', 255, 197, 56]
['red5', 0, 194, 88]
['red5', 255, 20, 68]
['red5', 0, 68, 51]
['red5', 0, 211, 131]
['red5', 0, 13, 234]
['red5', 255, 59, 42]
['red5', 255, 182, 160]
['red5', 255, 152, 17]
['red5', 0, 206, 86]
['red5', 0, 145, 183]
['red5', 0, 235, 48]
['red5', 255, 10, 171]
['red5', 0, 88, 76]
['red5', 255, 117, 88]
['red5', 0, 236, 14]
['red5', 255, 191, 52]
['red5', 255, 169, 65]
['red5', 255, 254, 157]
['red5', 0, 21, 93]
['red5', 255, 134, 103]
['red5', 255, 3, 209]
['red5', 0, 250, 222]
['red5', 0, 228, 141]
['red5', 0, 188, 104]
['red5', 255, 196, 76]
['red5', 255, 182, 243]
['red5', 255, 161, 16]
['red5', 255, 133, 6]
['red5', 0, 198, 191]
['red5', 255, 19, 24]
['red5', 0, 244, 81]
['red5', 255, 107, 214]
['red5', 255, 27, 140]
['red5', 255, 193, 59]
['red5', 0, 15, 86]
['red5', 0, 232, 202]
['red5', 0, 115, 123]
['red5', 255, 185, 253]
['red5', 255, 13, 66]
['red5', 255, 152, 0]
['red5', 0, 221, 173]
['red5', 255, 228, 151]
['red5', 0, 70, 124]
['red5', 255, 124, 138]
['red5', 0, 102, 86]
['red5', 0, 44, 60]
['red5', 0, 119, 58]
['red5', 0, 31, 39]
['red5', 0, 18, 184]
['red5', 0, 20, 100]
['red5', 0, 229, 71]
['red5', 255, 25, 117]
['red5', 255, 126, 134]
['red5', 255, 217, 102]
['red5', 0, 155, 14]
['red5', 0, 159, 29]
['red6', 0, 164, 45]
['red6', 0, 164, 225]
['red6', 0, 192, 210]
['red6', 255, 96, 240]
['red6', 0, 118, 180]
['red6', 255, 46, 32]
['red6', 255, 112, 228]
['red6', 255, 32, 230]
['red6', 0, 169, 77]
['red6', 0, 232, 12]
['red6', 0, 86, 207]
['red6', 255, 60, 99]
['red6', 0, 214, 114]
['red6', 0, 145, 112]
['red6', 255, 50, 201]
['red6', 0, 252, 27]
['red6', 255, 18, 99]
['red6', 0, 1, 59]
['red6', 255, 212, 125]
['red6', 0, 18, 111]
['red6', 0, 60, 174]
['red6', 255, 125, 238]
['red6', 0, 66, 35]
['red6', 255, 223, 94]
['red6', 0, 153, 44]
['red6', 0, 251, 107]
['red6', 255, 107, 3]
['red6', 255, 240, 185]
['red6', 255, 183, 17]
['red6', 0, 188, 0]
['red6', 0, 153, 63]
['red6', 255, 91, 207]
['red6', 0, 143, 238]
['red6', 255, 183, 240]
['red6', 0, 201, 169]
['red6', 0, 95, 120]
['red6', 255, 187, 101]
['red6', 255, 58, 160]
['red6', 0, 55, 238]
['red6', 0, 255, 181]
['red6', 0, 55, 32]
['red6', 0, 137, 237]
['red6', 255, 233, 148]
['red6', 255, 196, 5]
['red6', 0, 6, 212]
['red6', 0, 200, 48]
['red6', 0, 186, 158]
['red6', 0, 195, 63]
['red6', 0, 68, 161]
['red6', 0, 191, 231]
['red6', 0, 124, 155]
['red6', 255, 239, 133]
['red6', 255, 213, 103]
['red6', 0, 61, 11]
['red6', 0, 252, 183]
['red6', 0, 15, 245]
['red6', 0, 172, 15]
['red6', 255, 33, 252]
['red6', 255, 226, 101]
['red6', 255, 242, 65]
['red6', 255, 116, 214]
['red6', 0, 221, 194]
['red6', 0, 195, 183]
['red6', 0, 173, 144]
['red6', 0, 176, 223]
['red6', 255, 53, 115]
['red6', 0, 89, 192]
['red6', 255, 77, 50]
['red6', 0, 193, 231]
['red6', 0, 254, 224]
['red6', 255, 108, 174]
['red6', 255, 20, 9]
['red6', 255, 206, 54]
['red6', 0, 21, 69]
['red6', 255, 94, 66]
['red6', 255, 223, 83]
['red6', 0, 99, 158]
['red6', 255, 92, 77]
['red6', 255, 249, 14]
['red6', 255, 41, 188]
['red6', 0, 85, 204]
['red6', 0, 59, 148]
['red6', 0, 243, 75]
['red6', 0, 11, 27]
['red6', 0, 214, 136]
['red6', 0, 202, 124]
['red6', 255, 216, 74]
['red6', 0, 67, 113]
['red6', 255, 137, 113]
['red6', 0, 218, 68]
['red6', 0, 246, 77]
['red6', 255, 127, 82]
['red6', 0, 78, 4]
['red6', 255, 199, 242]
['red6', 0, 156, 248]
['red6', 255, 64, 207]
['red6', 255, 125, 126]
['red6', 0, 214, 174]
['red6', 0, 185, 176]
['red6', 0, 186, 129]
['red6', 255, 52, 219]
['red6', 0, 217, 184]
['red6', 255, 14, 13]
['red6', 0, 168, 198]
['red6', 0, 76, 180]
['red6', 255, 50, 248]
['red6', 0, 32, 246]
['red6', 0, 190, 18]
['red6', 255, 249, 123]
['red6', 255, 125, 240]
['red6', 0, 222, 101]
['red6', 0, 138, 87]
['red6', 0, 21, 168]
['red6', 0, 180, 32]
['red6', 0, 58, 173]
['red6', 255, 207, 159]
['red6', 255, 25, 196]
['red6', 255, 229, 159]
['red6', 0, 58, 45]
['red6', 255, 199, 122]
['red6', 255, 217, 142]
['red6', 0, 228, 120]
['red6', 0, 125, 211]
['red6', 255, 109, 64]
['red6', 255, 29, 233]
['red6', 0, 203, 205]
['red6', 0, 41, 155]
['red6', 0, 152, 177]
['red6', 0, 124, 13]
['red6', 255, 225, 64]
['red6', 0, 170, 159]
['red6', 255, 145, 223]
['red6', 255, 47, 192]
['red6', 255, 222, 34]
['red6', 0, 124, 7]
['red6', 0, 153, 81]
['red6', 255, 126, 190]
['red6', 255, 241, 111]
['red6', 0, 175, 239]
['red6', 0, 26, 20]
['red6', 0, 205, 11]
['red6', 0, 18, 38]
['red6', 255, 64, 4]
['red6', 0, 49, 245]
['red6', 255, 207, 138]
['red6', 0, 167, 112]
['red6', 0, 74, 136]
['red6', 255, 237, 72]
['red6', 0, 113, 213]
['red6', 0, 171, 56]
['red6', 0, 147, 240]
['red6', 255, 158, 163]
['red6', 0, 199, 182]
['red6', 0, 98, 178]
['red6', 0, 196, 114]
['red6', 255, 103, 234]
['red6', 0, 216, 59]
['red6', 255, 164, 209]
['red6', 0, 15, 133]
['red6', 0, 205, 129]
['red6', 255, 183, 205]
['red6', 0, 35, 218]
['red6', 0, 253, 73]
['red6', 255, 77, 236]
['red6', 255, 187, 207]
['red6', 0, 46, 86]
['red6', 0, 156, 216]
['red6', 0, 7, 147]
['red6', 0, 249, 195]
['red6', 0, 91, 182]
['red6', 0, 17, 143]
['red6', 0, 129, 69]
['red6', 255, 62, 156]
['red6', 0, 231, 113]
['red6', 255, 72, 41]
['red6', 255, 29, 228]
['red6', 255, 62, 5]
['red6', 0, 183, 183]
['red6', 255, 103, 174]
['red6', 0, 111, 33]
['red6', 255, 137, 103]
['red6', 255, 85, 6]
['red6', 0, 73, 49]
['red6', 0, 150, 161]
['red6', 0, 178, 115]
['red6', 255, 141, 141]
['red6', 0, 233, 211]
['red6', 255, 140, 15]
['red6', 255, 145, 114]
['red6', 0, 50, 25]
['red6', 0, 192, 127]
['red6', 0, 195, 106]
['red6', 255, 151, 115]
['red6', 0, 24, 182]
['red6', 255, 39, 30]
['red6', 0, 28, 55]
['red6', 0, 193, 37]
['red6', 0, 47, 225]
['red6', 255, 174, 222]
['red6', 255, 177, 36]
['red6', 0, 101, 99]
['red6', 0, 108, 238]
['red6', 0, 130, 13]
['red6', 255, 220, 110]
['red6', 255, 43, 147]
['red6', 255, 67, 216]
['red6', 0, 195, 142]
['red6', 0, 184, 165]
['red6', 255, 39, 180]
['red6', 255, 7, 97]
['red6', 255, 88, 27]
['red6', 255, 235, 34]
['red6', 255, 163, 231]
['red6', 0, 34, 136]
['red6', 255, 64, 208]
['red6', 0, 245, 89]
['red6', 0, 179, 112]
['red6', 0, 180, 131]
['red6', 255, 171, 76]
['red6', 0, 87, 222]
['red6', 0, 103, 26]
['red6', 0, 84, 162]
['red6', 0, 35, 59]
['red6', 255, 4, 101]
['red6', 0, 11, 13]
['red6', 0, 103, 221]
['red6', 255, 149, 93]
['red6', 0, 89, 205]
['red6', 255, 198, 117]
['red6', 0, 192, 211]
['red6', 255, 181, 212]
['red6', 0, 42, 169]
['red6', 255, 18, 174]
['red6', 0, 196, 23]
['red6', 0, 93, 20]
['red6', 0, 184, 219]
['red6', 255, 210, 157]
['red6', 255, 151, 107]
['red6', 255, 143, 246]
['red6', 0, 88, 215]
['red6', 0, 167, 188]
['red6', 255, 116, 115]
['red6', 255, 229, 113]
['red6', 0, 138, 125]
['red6', 0, 255, 192]
['red6', 0, 48, 253]
['red6', 255, 49, 69]
['red6', 0, 234, 7]
['red6', 0, 95, 90]
['red6', 0, 223, 97]
['red7', 255, 10, 223]
['red7', 255, 135, 140]
['red7', 0, 54, 116]
['red7', 255, 158, 215]
['red7', 0, 85, 103]
['red7', 0, 205, 15]
['red7', 255, 183, 58]
['red7', 255, 54, 242]
['red7', 255, 240, 228]
['red7', 0, 151, 98]
['red7', 0, 66, 99]
['red7', 0, 43, 118]
['red7', 0, 172, 244]
['red7', 0, 12, 136]
['red7', 0, 196, 166]
['red7', 255, 56, 142]
['red7', 0, 118, 148]
['red7', 0, 186, 227]
['red7', 0, 165, 222]
['red7', 255, 18, 203]
['red7', 255, 235, 7]
['red7', 0, 60, 149]
['red7', 0, 121, 113]
['red7', 255, 167, 162]
['red7', 0, 154, 190]
['red7', 255, 231, 251]
['red7', 0, 49, 51]
['red7', 0, 153, 27]
['red7', 255, 60, 37]
['red7', 255, 99, 64]
['red7', 255, 229, 31]
['red7', 255, 85, 56]
['red7', 255, 79, 93]
['red7', 255, 216, 31]
['red7', 255, 206, 159]
['red7', 255, 6, 178]
['red7', 0, 239, 152]
['red7', 0, 136, 207]
['red7', 255, 203, 161]
['red7', 255, 59, 21]
['red7', 0, 168, 41]
['red7', 255, 125, 169]
['red7', 255, 13, 147]
['red7', 255, 234, 173]
['red7', 0, 132, 232]
['red7', 0, 105, 20]
['red7', 255, 205, 9]
['red7', 0, 242, 198]
['red7', 255, 189, 105]
['red7', 0, 107, 137]
['red7', 255, 224, 103]
['red7', 0, 66, 65]
['red7', 255, 170, 112]
['red7', 255, 104, 192]
['red7', 0, 252, 56]
['red7', 255, 4, 104]
['red7', 255, 181, 82]
['red7', 255, 28, 248]
['red7', 255, 48, 221]
['red7', 255, 126, 31]
['red7', 0, 177, 210]
['red7', 0, 200, 1]
['red7', 0, 108, 25]
['red7', 255, 197, 175]
['red7', 0, 212, 170]
['red7', 255, 57, 33]
['red7', 255, 38, 119]
['red7', 255, 104, 175]
['red7', 0, 197, 13]
['red7', 255, 156, 156]
['red7', 255, 169, 23]
['red7', 255, 146, 191]
['red7', 255, 216, 123]
['red7', 255, 208, 209]
['red7', 255, 29, 222]
['red7', 255, 227, 29]
['red7', 0, 158, 216]
['red7', 255, 42, 105]
['red7', 0, 81, 109]
['red7', 0, 137, 23]
['red7', 0, 183, 97]
['red7', 255, 70, 92]
['red7', 0, 117, 150]
['red7', 0, 221, 173]
['red7', 0, 78, 125]
['red7', 255, 212, 177]
['red7', 255, 22, 141]
['red7', 0, 41, 132]
['red7', 0, 244, 53]
['red7', 0, 8, 87]
['red7', 255, 92, 17]
['red7', 0, 190, 247]
['red7', 255, 240, 210]
['red7', 0, 201, 7]
['red7', 255, 72, 251]
['red7', 255, 49, 251]
['red7', 0, 40, 127]
['red7', 255, 134, 149]
['red7', 0, 220, 95]
['red7', 255, 93, 100]
['red7', 0, 59, 102]
['red7', 0, 83, 91]
['red7', 255, 156, 34]
['red7', 0, 219, 122]
['red7', 0, 100, 77]
['red7', 255, 188, 194]
['red7', 255, 23, 163]
['red7', 255, 194, 193]
['red7', 0, 217, 33]
['red7', 255, 92, 68]
['red7', 0, 61, 19]
['red7', 255, 34, 131]
['red7', 255, 188, 209]
['red7', 0, 76, 40]
['red7', 0, 96, 236]
['red7', 255, 164, 227]
['red7', 255, 119, 172]
['red7', 255, 83, 190]
['red7', 0, 214, 94]
['red7', 255, 95, 205]
['red7', 0, 77, 119]
['red7', 0, 167, 156]
['red7', 255, 126, 217]
['red7', 0, 82, 120]
['red7', 0, 116, 169]
['red7', 0, 172, 183]
['red7', 0, 81, 21]
['red7', 0, 80, 94]
['red7', 255, 192, 15]
['red7', 255, 51, 82]
['red7', 0, 216, 11]
['red7', 0, 230, 138]
['red7', 0, 32, 215]
['red7', 255, 208, 14]
['red7', 255, 180, 46]
['red7', 0, 170, 104]
['red7', 0, 198, 49]
['red7', 255, 46, 142]
['red7', 0, 251, 66]
['red7', 0, 11, 74]
['red7', 0, 210, 153]
['red7', 255, 36, 95]
['red7', 255, 210, 57]
['red7', 0, 197, 43]
['red7', 255, 219, 182]
['red7', 255, 160, 206]
['red7', 0, 33, 74]
['red7', 0, 15, 140]
['red7', 0, 163, 119]
['red7', 0, 209, 206]
['red7', 255, 143, 203]
['red7', 255, 24, 113]
['red7', 255, 125, 105]
['red7', 0, 140, 90]
['red7', 255, 149, 87]
['red7', 255, 11, 117]
['red7', 0, 62, 154]
['red7', 0, 232, 7]
['red7', 255, 131, 104]
['red7', 255, 73, 116]
['red7', 255, 58, 70]
['red7', 0, 164, 63]
['red7', 0, 226, 174]
['red7', 255, 230, 40]
['red7', 255, 57, 207]
['red7', 0, 54, 243]
['red7', 0, 252, 68]
['red7', 255, 138, 24]
['red7', 0, 186, 170]
['red7', 0, 44, 49]
['red7', 255, 110, 78]
['red7', 255, 109, 220]
['red7', 255, 35, 227]
['red7', 255, 49, 38]
['red7', 0, 213, 246]
['red7', 255, 237, 83]
['red7', 0, 235, 68]
['red7', 0, 173, 91]
['red7', 0, 132, 185]
['red7', 0, 78, 152]
['red7', 0, 153, 142]
['red7', 255, 137, 229]
['red7', 255, 139, 148]
['red7', 255, 246, 152]
['red7', 0, 139, 126]
['red7', 255, 183, 156]
['red7', 0, 35, 251]
['red7', 0, 228, 48]
['red7', 255, 130, 153]
['red7', 255, 108, 87]
['red7', 255, 7, 172]
['red7', 255, 47, 138]
['red7', 0, 154, 34]
['red7', 255, 225, 206]
['red7', 0, 218, 206]
['red7', 0, 164, 141]
['red7', 0, 170, 34]
['red7', 255, 59, 234]
['red7', 0, 239, 131]
['red7', 0, 246, 40]
['red7', 0, 69, 87]
['red7', 0, 160, 28]
['red7', 255, 182, 28]
['red7', 255, 165, 82]
['red7', 0, 251, 246]
['red7', 255, 139, 5]
['red7', 0, 244, 209]
['red7', 255, 5, 113]
['red7', 0, 240, 244]
['red7', 0, 88, 88]
['red7', 255, 160, 182]
['red7', 255, 58, 145]
['red7', 0, 166, 92]
['red7', 0, 39, 217]
['red7', 255, 22, 17]
['red7', 0, 113, 239]
['red7', 0, 246, 230]
['red7', 0, 1, 167]
['red7', 0, 198, 51]
['red7', 0, 247, 183]
['red7', 0, 131, 180]
['red7', 255, 253, 135]
['red7', 255, 168, 221]
['red7', 0, 191, 133]
['red7', 255, 46, 151]
['red7', 255, 146, 17]
['red7', 0, 153, 106]
['red7', 255, 107, 63]
['red7', 0, 30, 186]
['red7', 0, 2, 185]
['red7', 0, 148, 19]
['red7', 0, 231, 207]
['red7', 255, 82, 255]
['red7', 255, 239, 200]
['red7', 0, 46, 63]
['red7', 0, 33, 126]
['red7', 0, 108, 18]
['red7', 255, 86, 30]
['red7', 0, 128, 94]
['red7', 255, 205, 27]
['red7', 255, 173, 178]
['red7', 0, 77, 218]
['red7', 255, 242, 200]
['red7', 255, 164, 89]
['red7', 0, 51, 138]
['red7', 255, 86, 77]
['red7', 0, 142, 151]
['red7', 0, 148, 27]
['red7', 0, 250, 209]
['red7', 0, 75, 134]
['red8', 255, 39, 26]
['red8', 255, 27, 143]
['red8', 255, 77, 184]
['red8', 255, 34, 110]
['red8', 0, 215, 101]
['red8', 0, 193, 1]
['red8', 255, 42, 222]
['red8', 0, 169, 251]
['red8', 0, 233, 194]
['red8', 0, 83, 127]
['red8', 0, 213, 45]
['red8', 0, 132, 224]
['red8', 0, 160, 152]
['red8', 0, 50, 88]
['red8', 0, 255, 178]
['red8', 255, 20, 206]
['red8', 255, 155, 234]
['red8', 0, 139, 177]
['red8', 0, 85, 89]
['red8', 0, 139, 165]
['red8', 0, 141, 166]
['red8', 0, 59, 150]
['red8', 255, 71, 192]
['red8', 0, 227, 7]
['red8', 255, 74, 177]
['red8', 0, 102, 176]
['red8', 255, 82, 118]
['red8', 0, 66, 201]
['red8', 0, 142, 19]
['red8', 255, 51, 227]
['red8', 255, 100, 35]
['red8', 0, 147, 123]
['red8', 255, 49, 166]
['red8', 255, 125, 158]
['red8', 255, 134, 175]
['red8', 0, 126, 243]
['red8', 255, 185, 149]
['red8', 255, 237, 112]
['red8', 255, 183, 137]
['red8', 0, 57, 157]
['red8', 255, 192, 39]
['red8', 255, 112, 181]
['red8', 255, 67, 182]
['red8', 0, 156, 127]
['red8', 255, 148, 226]
['red8', 0, 157, 47]
['red8', 255, 43, 229]
['red8', 0, 182, 199]
['red8', 255, 247, 12]
['red8', 255, 229, 77]
['red8', 0, 53, 32]
['red8', 255, 31, 253]
['red8', 0, 242, 170]
['red8', 255, 7, 211]
['red8', 0, 88, 91]
['red8', 0, 79, 123]
['red8', 0, 152, 147]
['red8', 0, 6, 20]
['red8', 255, 183, 170]
['red8', 255, 67, 109]
['red8', 0, 248, 162]
['red8', 255, 81, 233]
['red8', 0, 247, 77]
['red8', 0, 0, 68]
['red8', 0, 101, 73]
['red8', 255, 110, 207]
['red8', 255, 253, 6]
['red8', 255, 105, 40]
['red8', 255, 71, 16]
['red8', 255, 217, 43]
['red8', 255, 136, 191]
['red8', 255, 25, 67]
['red8', 255, 215, 69]
['red8', 0, 80, 120]
['red8', 255, 157, 219]
['red8', 255, 205, 66]
['red8', 255, 151, 121]
['red8', 255, 163, 196]
['red8', 0, 70, 188]
['red8', 255, 198, 124]
['red8', 0, 128, 238]
['red8', 0, 134, 61]
['red8', 0, 155, 166]
['red8', 0, 243, 106]
['red8', 0, 231, 35]
['red8', 255, 236, 26]
['red8', 255, 170, 58]
['red8', 0, 33, 63]
['red8', 255, 69, 202]
['red8', 255, 237, 20]
['red8', 0, 215, 214]
['red8', 0, 2, 248]
['red8', 0, 167, 184]
['red8', 255, 164, 59]
['red8', 0, 141, 122]
['red8', 255, 151, 190]
['red8', 0, 88, 63]
['red8', 255, 222, 182]
['red8', 255, 182, 181]
['red8', 0, 81, 10]
['red8', 0, 50, 25]
['red8', 0, 247, 158]
['red8', 255, 68, 195]
['red8', 0, 240, 80]
['red8', 0, 200, 151]
['red8', 255, 204, 153]
['red8', 0, 87, 204]
['red8', 0, 237, 24]
['red8', 255, 219, 184]
['red8', 255, 3, 240]
['red8', 255, 136, 231]
['red8', 255, 117, 0]
['red8', 255, 22, 163]
['red8', 0, 156, 22]
['red8', 0, 249, 12]
['red8', 0, 158, 210]
['red8', 0, 110, 8]
['red8', 0, 95, 231]
['red8', 0, 167, 60]
['red8', 0, 187, 221]
['red8', 255, 224, 116]
['red8', 255, 147, 66]
['red8', 255, 151, 35]
['red8', 255, 224, 198]
['red8', 0, 129, 13]
['red8', 255, 186, 60]
['red8', 0, 38, 120]
['red8', 0, 166, 106]
['red8', 0, 81, 155]
['red8', 255, 223, 144]
['red8', 255, 100, 200]
['red8', 0, 12, 19]
['red8', 255, 87, 255]
['red8', 0, 171, 158]
['red8', 0, 18, 108]
['red8', 0, 30, 47]
['red8', 0, 251, 101]
['red8', 255, 254, 83]
['red8', 255, 32, 213]
['red8', 255, 34, 70]
['red8', 0, 176, 143]
['red8', 255, 111, 233]
['red8', 0, 104, 49]
['red8', 0, 25, 6]
['red8', 255, 76, 201]
['red8', 0, 46, 119]
['red8', 255, 159, 85]
['red8', 255, 247, 94]
['red8', 0, 164, 34]
['red8', 0, 93, 185]
['red8', 255, 178, 147]
['red8', 0, 124, 224]
['red8', 0, 24, 88]
['red8', 255, 159, 127]
['red8', 255, 2, 219]
['red8', 0, 32, 161]
['red8', 255, 24, 66]
['red8', 255, 186, 245]
['red8', 0, 91, 16]
['red8', 255, 131, 185]
['red8', 255, 247, 48]
['red8', 255, 75, 117]
['red8', 255, 172, 55]
['red8', 0, 61, 181]
['red8', 0, 13, 35]
['red8', 0, 9, 48]
['red8', 0, 52, 168]
['red8', 255, 122, 81]
['red8', 0, 187, 210]
['red8', 255, 179, 96]
['red8', 255, 117, 182]
['red8', 255, 18, 186]
['red8', 255, 119, 183]
['red8', 255, 108, 246]
['red8', 0, 211, 125]
['red8', 0, 234, 105]
['red8', 0, 58, 108]
['red8', 0, 249, 149]
['red8', 0, 235, 134]
['red8', 0, 48, 142]
['red8', 0, 232, 71]
['red8', 0, 240, 136]
['red8', 0, 213, 169]
['red8', 255, 164, 212]
['red8', 0, 134, 175]
['red8', 0, 233, 45]
['red8', 0, 95, 234]
['red8', 255, 24, 136]
['red8', 255, 167, 65]
['red8', 255, 198, 182]
['red8', 0, 30, 114]
['red8', 0, 255, 196]
['red8', 255, 122, 248]
['red8', 0, 233, 36]
['red8', 0, 217, 108]
['red8', 255, 83, 13]
['red8', 255, 170, 1]
['red8', 0, 156, 12]
['red8', 255, 245, 134]
['red8', 255, 242, 173]
['red8', 255, 186, 221]
['red8', 0, 106, 95]
['red8', 0, 176, 68]
['red8', 0, 75, 108]
['red8', 255, 153, 241]
['red8', 0, 168, 123]
['red8', 0, 197, 60]
['red8', 0, 183, 59]
['red8', 255, 203, 90]
['red8', 255, 157, 84]
['red8', 255, 54, 159]
['red8', 255, 11, 218]
['red8', 0, 67, 249]
['red8', 0, 88, 10]
['red8', 0, 152, 35]
['red8', 255, 156, 200]
['red8', 0, 61, 98]
['red8', 0, 236, 228]
['red8', 0, 18, 126]
['red8', 255, 125, 54]
['red8', 255, 200, 144]
['red8', 255, 186, 58]
['red8', 255, 50, 165]
['red8', 0, 123, 177]
['red8', 0, 89, 185]
['red8', 0, 33, 168]
['red8', 255, 170, 165]
['red8', 0, 23, 170]
['red8', 255, 7, 22]
['red8', 0, 158, 110]
['red8', 0, 136, 160]
['red8', 255, 28, 67]
['red8', 0, 25, 128]
['red8', 0, 16, 160]
['red8', 255, 240, 233]
['red8', 255, 35, 218]
['red8', 255, 253, 37]
['red8', 255, 25, 140]
['red8', 0, 229, 45]
['red8', 255, 80, 14]
['red8', 255, 217, 160]
['red8', 255, 73, 176]
['red8', 0, 162, 204]
['red8', 255, 154, 182]
['red8', 255, 201, 191]
['red8', 255, 144, 103]
['red8', 0, 255, 109]
['red8', 0, 163, 150]
['red8', 0, 57, 15]
['red8', 0, 165, 58]
['red9', 0, 147, 197]
['red9', 0, 146, 143]
['red9', 255, 254, 28]
['red9', 255, 223, 131]
['red9', 255, 111, 114]
['red9', 0, 31, 45]
['red9', 255, 223, 232]
['red9', 0, 169, 2]
['red9', 0, 199, 80]
['red9', 255, 188, 106]
['red9', 255, 55, 78]
['red9', 0, 80, 227]
['red9', 0, 243, 177]
['red9', 0, 3, 89]
['red9', 0, 222, 52]
['red9', 0, 42, 193]
['red9', 255, 134, 86]
['red9', 255, 162, 70]
['red9', 255, 25, 205]
['red9', 255, 184, 10]
['red9', 255, 94, 200]
['red9', 0, 16, 182]
['red9', 255, 202, 168]
['red9', 255, 101, 165]
['red9', 255, 105, 77]
['red9', 255, 66, 230]
['red9', 0, 109, 153]
['red9', 255, 156, 184]
['red9', 255, 154, 102]
['red9', 255, 90, 175]
['red9', 0, 214, 104]
['red9', 255, 171, 2]
['red9', 255, 176, 231]
['red9', 255, 185, 51]
['red9', 0, 89, 219]
['red9', 0, 124, 212]
['red9', 255, 232, 23]
['red9', 0, 41, 248]
['red9', 255, 206, 22]
['red9', 0, 177, 30]
['red9', 0, 116, 156]
['red9', 255, 79, 10]
['red9', 0, 215, 120]
['red9', 0, 63, 202]
['red9', 255, 77, 78]
['red9', 255, 165, 139]
['red9', 0, 88, 180]
['red9', 0, 222, 99]
['red9', 0, 233, 183]
['red9', 255, 241, 201]
['red9', 0, 24, 249]
['red9', 255, 166, 75]
['red9', 255, 181, 232]
['red9', 255, 27, 149]
['red9', 255, 229, 75]
['red9', 0, 22, 43]
['red9', 0, 66, 133]
['red9', 0, 67, 35]
['red9', 255, 29, 134]
['red9', 255, 62, 247]
['red9', 255, 154, 233]
['red9', 255, 246, 194]
['red9', 0, 29, 132]
['red9', 0, 253, 179]
['red9', 0, 142, 214]
['red9', 255, 155, 163]
['red9', 0, 146, 202]
['red9', 255, 70, 254]
['red9', 255, 240, 192]
['red9', 255, 81, 69]
['red9', 0, 198, 201]
['red9', 255, 40, 197]
['red9', 0, 163, 180]
['red9', 0, 182, 192]
['red9', 255, 159, 37]
['red9', 0, 49, 8]
['red9', 255, 68, 232]
['red9', 0, 109, 111]
['red9', 0, 214, 218]
['red9', 255, 255, 63]
['red9', 0, 130, 69]
['red9', 255, 168, 131]
['red9', 255, 82, 132]
['red9', 255, 10, 228]
['red9', 0, 3, 12]
['red9', 0, 30, 55]
['red9', 0, 14, 161]
['red9', 255, 159, 61]
['red9', 255, 35, 28]
['red9', 0, 87, 85]
['red9', 255, 58, 116]
['red9', 0, 175, 254]
['red9', 255, 178, 169]
['red9', 0, 152, 92]
['red9', 0, 232, 127]
['red9', 255, 195, 126]
['red9', 0, 68, 237]
['red9', 0, 187, 156]
['red9', 0, 253, 41]
['red9', 0, 59, 190]
['red9', 0, 155, 191]
['red9', 0, 25, 90]
['red9', 255, 109, 49]
['red9', 255, 237, 28]
['red9', 0, 68, 180]
['red9', 255, 38, 22]
['red9', 255, 73, 84]
['red9', 255, 75, 145]
['red9', 255, 161, 134]
['red9', 0, 226, 102]
['red9', 255, 139, 227]
['red9', 255, 67, 143]
['red9', 0, 194, 133]
['red9', 255, 240, 248]
['red9', 0, 2, 247]
['red9', 255, 51, 54]
['red9', 0, 246, 108]
['red9', 0, 29, 143]
['red9', 255, 101, 69]
['red9', 0, 245, 138]
['red9', 0, 216, 150]
['red9', 0, 176, 217]
['red9', 0, 165, 33]
['red9', 0, 129, 166]
['red9', 0, 113, 23]
['red9', 255, 121, 239]
['red9', 0, 92, 48]
['red9', 255, 6, 149]
['red9', 255, 79, 113]
['red9', 0, 23, 93]
['red9', 0, 47, 116]
['red9', 0, 126, 166]
['red9', 255, 172, 165]
['red9', 0, 145, 208]
['red9', 0, 10, 188]
['red9', 0, 62, 61]
['red9', 255, 76, 214]
['red9', 0, 252, 226]
['red9', 0, 179, 85]
['red9', 0, 237, 167]
['red9', 255, 73, 1]
['red9', 255, 254, 179]
['red9', 0, 58, 79]
['red9', 255, 133, 88]
['red9', 255, 93, 232]
['red9', 255, 162, 22]
['red9', 255, 86, 99]
['red9', 0, 95, 127]
['red9', 255, 59, 40]
['red9', 0, 50, 176]
['red9', 0, 223, 160]
['red9', 255, 237, 135]
['red9', 0, 205, 193]
['red9', 0, 163, 104]
['red9', 0, 228, 124]
['red9', 255, 70, 30]
['red9', 0, 33, 73]
['red9', 255, 63, 214]
['red9', 255, 35, 58]
['red9', 255, 124, 136]
['red9', 0, 76, 121]
['red9', 255, 1, 26]
['red9', 255, 127, 13]
['red9', 255, 92, 43]
['red9', 255, 57, 30]
['red9', 255, 222, 181]
['red9', 0, 101, 190]
['red9', 255, 114, 191]
['red9', 255, 7, 59]
['red9', 255, 6, 211]
['red9', 0, 48, 177]
['red9', 0, 245, 12]
['red9', 255, 144, 119]
['red9', 255, 27, 131]
['red9', 0, 218, 132]
['red9', 255, 48, 120]
['red9', 255, 60, 21]
['red9', 0, 252, 199]
['red9', 255, 94, 227]
['red9', 0, 114, 68]
['red9', 255, 241, 228]
['red9', 0, 187, 217]
['red9', 255, 234, 14]
['red9', 0, 38, 84]
['red9', 255, 112, 201]
['red9', 0, 164, 231]
['red9', 255, 104, 76]
['red9', 255, 115, 230]
['red9', 255, 113, 185]
['red9', 0, 234, 243]
['red9', 255, 74, 0]
['red9', 0, 68, 61]
['red9', 0, 13, 202]
['red9', 0, 9, 54]
['red9', 255, 243, 161]
['red9', 0, 144, 21]
['red9', 0, 234, 123]
['red9', 0, 16, 38]
['red9', 255, 170, 72]
['red9', 255, 217, 228]
['red9', 255, 244, 252]
['red9', 255, 225, 20]
['red9', 255, 23, 242]
['red9', 0, 74, 243]
['red9', 255, 87, 31]
['red9', 0, 5, 218]
['red9', 255, 81, 242]
['red9', 255, 52, 44]
['red9', 0, 113, 54]
['red9', 255, 226, 132]
['red9', 255, 216, 59]
['red9', 0, 114, 72]
['red9', 255, 214, 206]
['red9', 0, 221, 155]
['red9', 255, 115, 133]
['red9', 0, 143, 41]
['red9', 255, 106, 100]
['red9', 0, 180, 25]
['red9', 0, 188, 233]
['red9', 0, 13, 54]
['red9', 0, 77, 183]
['red9', 0, 204, 150]
['red9', 0, 122, 67]
['red9', 255, 7, 32]
['red9', 0, 19, 88]
['red9', 0, 102, 238]
['red9', 0, 234, 98]
['red9', 255, 50, 156]
['red9', 255, 2, 38]
['red9', 255, 87, 74]
['red9', 255, 40, 137]
['red9', 255, 206, 12]
['red9', 0, 75, 251]
['red9', 0, 209, 192]
['red9', 255, 221, 215]
['red9', 255, 255, 17]
['red9', 0, 69, 57]
['red9', 255, 243, 227]
['red9', 255, 99, 132]
['red9', 0, 215, 123]
['red9', 0, 7, 143]
['red9', 0, 156, 70]
['red9', 255, 88, 189]
['red9', 0, 82, 148]
['red9', 255, 37, 219]
['red9', 255, 80, 28]
['red9', 0, 43, 99]
['red9', 0, 72, 93]
['red9', 255, 114, 54]
['red9', 0, 197, 194]
['red10', 255, 152, 224]
['red10', 0, 172, 106]
['red10', 255, 235, 165]
['red10', 0, 235, 155]
['red10', 0, 88, 9]
['red10', 255, 7, 235]
['red10', 0, 204, 158]
['red10', 255, 193, 110]
['red10', 0, 48, 219]
['red10', 255, 209, 35]
['red10', 0, 10, 31]
['red10', 255, 15, 97]
['red10', 0, 138, 102]
['red10', 0, 206, 201]
['red10', 0, 53, 163]
['red10', 0, 136, 127]
['red10', 255, 215, 152]
['red10', 255, 190, 226]
['red10', 0, 159, 208]
['red10', 255, 174, 53]
['red10', 0, 76, 18]
['red10', 0, 78, 97]
['red10', 0, 159, 229]
['red10', 255, 175, 76]
['red10', 0, 47, 193]
['red10', 255, 138, 91]
['red10', 255, 33, 148]
['red10', 255, 51, 239]
['red10', 0, 122, 72]
['red10', 0, 85, 84]
['red10', 0, 45, 62]
['red10', 255, 101, 71]
['red10', 0, 165, 99]
['red10', 255, 83, 118]
['red10', 0, 123, 195]
['red10', 255, 57, 98]
['red10', 0, 246, 128]
['red10', 0, 85, 39]
['red10', 255, 33, 190]
['red10', 255, 187, 202]
['red10', 255, 221, 154]
['red10', 255, 12, 184]
['red10', 255, 78, 145]
['red10', 0, 115, 220]
['red10', 0, 18, 199]
['red10', 255, 229, 70]
['red10', 255, 181, 155]
['red10', 255, 63, 44]
['red10', 255, 165, 211]
['red10', 0, 227, 188]
['red10', 0, 53, 34]
['red10', 0, 61, 230]
['red10', 255, 214, 209]
['red10', 0, 13, 219]
['red10', 0, 171, 244]
['red10', 0, 245, 204]
['red10', 0, 209, 245]
['red10', 0, 1, 195]
['red10', 255, 103, 27]
['red10', 0, 232, 14]
['red10', 0, 53, 70]
['red10', 255, 26, 0]
['red10', 255, 204, 152]
['red10', 255, 117, 47]
['red10', 255, 159, 3]
['red10', 0, 243, 176]
['red10', 255, 253, 194]
['red10', 255, 4, 21]
['red10', 0, 194, 210]
['red10', 0, 152, 99]
['red10', 0, 199, 113]
['red10', 0, 128, 163]
['red10', 255, 216, 114]
['red10', 255, 252, 147]
['red10', 0, 97, 202]
['red10', 255, 99, 67]
['red10', 0, 203, 141]
['red10', 255, 132, 107]
['red10', 255, 113, 209]
['red10', 255, 99, 214]
['red10', 255, 59, 178]
['red10', 0, 173, 218]
['red10', 255, 176, 118]
['red10', 255, 57, 186]
['red10', 255, 184, 62]
['red10', 255, 151, 242]
['red10', 255, 206, 68]
['red10', 0, 238, 35]
['red10', 255, 66, 32]
['red10', 0, 151, 92]
['red10', 0, 251, 229]
['red10', 0, 251, 2]
['red10', 0, 114, 196]
['red10', 255, 119, 236]
['red10', 255, 10, 230]
['red10', 0, 196, 131]
['red10', 255, 59, 25]
['red10', 255, 105, 36]
['red10', 255, 24, 173]
['red10', 0, 199, 175]
['red10', 0, 254, 52]
['red10', 0, 45, 3]
['red10', 255, 162, 30]
['red10', 255, 27, 82]
['red10', 255, 224, 125]
['red10', 0, 53, 230]
['red10', 255, 156, 141]
['red10', 255, 176, 66]
['red10', 0, 119, 143]
['red10', 0, 222, 150]
['red10', 0, 30, 107]
['red10', 0, 82, 53]
['red10', 255, 113, 103]
['red10', 0, 244, 191]
['red10', 255, 159, 198]
['red10', 0, 75, 169]
['red10', 0, 150, 8]
['red10', 0, 126, 18]
['red10', 0, 82, 14]
['red10', 0, 6, 230]
['red10', 0, 88, 213]
['red10', 0, 14, 120]
['red10', 0, 255, 45]
['red10', 255, 202, 82]
['red10', 255, 24, 61]
['red10', 0, 102, 116]
['red10', 0, 211, 248]
['red10', 0, 57, 207]
['red10', 0, 181, 227]
['red10', 0, 19, 226]
['red10', 0, 245, 133]
['red10', 255, 245, 24]
['red10', 0, 69, 159]
['red10', 255, 209, 98]
['red10', 255, 192, 166]
['red10', 0, 158, 237]
['red10', 255, 183, 87]
['red10', 0, 228, 67]
['red10', 255, 212, 152]
['red10', 0, 30, 223]
['red10', 255, 156, 107]
['red10', 255, 58, 118]
['red10', 0, 82, 151]
['red10', 0, 29, 24]
['red10', 255, 49, 231]
['red10', 0, 183, 245]
['red10', 0, 225, 17]
['red10', 0, 24, 188]
['red10', 255, 241, 167]
['red10', 255, 157, 189]
['red10', 0, 190, 97]
['red10', 0, 219, 97]
['red10', 0, 209, 43]
['red10', 0, 192, 17]
['red10', 255, 151, 124]
['red10', 0, 148, 38]
['red10', 0, 2, 98]
['red10', 0, 21, 62]
['red10', 0, 219, 225]
['red10', 255, 179, 168]
['red10', 0, 241, 173]
['red10', 255, 255, 13]
['red10', 0, 183, 243]
['red10', 255, 51, 50]
['red10', 0, 14, 211]
['red10', 0, 130, 114]
['red10', 0, 200, 59]
['red10', 0, 126, 163]
['red10', 255, 86, 186]
['red10', 255, 192, 43]
['red10', 0, 21, 135]
['red10', 0, 3, 92]
['red10', 0, 232, 67]
['red10', 0, 96, 227]
['red10', 0, 185, 117]
['red10', 0, 20, 90]
['red10', 0, 2, 37]
['red10', 0, 26, 130]
['red10', 0, 13, 140]
['red10', 0, 43, 36]
['red10', 255, 156, 113]
['red10', 0, 169, 209]
['red10', 0, 110, 171]
['red10', 0, 143, 196]
['red10', 0, 252, 215]
['red10', 0, 43, 158]
['red10', 0, 239, 34]
['red10', 0, 128, 122]
['red10', 0, 181, 179]
['red10', 0, 34, 157]
['red10', 255, 15, 76]
['red10', 255, 197, 126]
['red10', 255, 145, 148]
['red10', 0, 134, 230]
['red10', 0, 151, 7]
['red10', 255, 135, 44]
['red10', 0, 82, 40]
['red10', 255, 78, 87]
['red10', 0, 21, 169]
['red10', 255, 72, 3]
['red10', 0, 239, 152]
['red10', 0, 149, 220]
['red10', 255, 246, 136]
['red10', 0, 249, 20]
['red10', 255, 242, 98]
['red10', 255, 136, 111]
['red10', 255, 253, 69]
['red10', 255, 149, 163]
['red10', 255, 32, 42]
['red10', 255, 27, 70]
['red10', 0, 44, 41]
['red10', 255, 231, 37]
['red10', 255, 114, 212]
['red10', 0, 147, 61]
['red10', 0, 33, 241]
['red10', 255, 59, 68]
['red10', 0, 119, 86]
['red10', 0, 150, 57]
['red10', 255, 7, 168]
['red10', 0, 98, 95]
['red10', 0, 54, 134]
['red10', 255, 17, 229]
['red10', 255, 236, 167]
['red10', 0, 33, 24]
['red10', 255, 80, 240]
['red10', 255, 156, 75]
['red10', 0, 83, 45]
['red10', 0, 63, 110]
['red10', 255, 162, 192]
['red10', 0, 108, 186]
['red10', 0, 8, 95]
['red10', 255, 222, 219]
['red10', 255, 52, 85]
['red10', 0, 235, 134]
['red10', 255, 27, 215]
['red10', 0, 90, 153]
['red10', 255, 27, 226]
['red10', 0, 104, 32]
['red10', 0, 11, 226]
['red10', 255, 206, 195]
['red10', 0, 55, 155]
['red10', 255, 226, 252]
['red10', 255, 62, 186]
['red10', 0, 124, 124]
['red10', 0, 199, 190]
['red10', 255, 153, 215]
['red10', 255, 79, 130]
['red10', 255, 177, 176]
['red10', 0, 105, 99]
['red10', 255, 5, 72]
['red11', 255, 110, 73]
['red11', 0, 159, 10]
['red11', 0, 255, 85]
['red11', 255, 244, 129]
['red11', 0, 71, 176]
['red11', 255, 71, 60]
['red11', 0, 98, 41]
['red11', 0, 0, 49]
['red11', 255, 37, 61]
['red11', 0, 239, 144]
['red11', 255, 119, 51]
['red11', 0, 71, 158]
['red11', 0, 179, 133]
['red11', 255, 161, 39]
['red11', 0, 85, 138]
['red11', 255, 134, 153]
['red11', 0, 161, 86]
['red11', 0, 97, 62]
['red11', 0, 127, 106]
['red11', 0, 247, 109]
['red11', 0, 157, 66]
['red11', 0, 26, 149]
['red11', 255, 125, 255]
['red11', 0, 74, 72]
['red11', 255, 26, 238]
['red11', 0, 73, 212]
['red11', 255, 129, 249]
['red11', 255, 61, 157]
['red11', 0, 58, 73]
['red11', 0, 12, 99]
['red11', 255, 46, 255]
['red11', 255, 195, 14]
['red11', 255, 93, 184]
['red11', 255, 120, 89]
['red11', 0, 210, 135]
['red11', 255, 53, 155]
['red11', 0, 253, 131]
['red11', 255, 196, 13]
['red11', 255, 4, 198]
['red11', 255, 211, 195]
['red11', 0, 115, 143]
['red11', 0, 127, 242]
['red11', 255, 142, 113]
['red11', 255, 193, 249]
['red11', 255, 135, 135]
['red11', 0, 200, 61]
['red11', 255, 189, 131]
['red11', 0, 59, 241]
['red11', 0, 41, 226]
['red11', 255, 135, 5]
['red11', 0, 104, 93]
['red11', 255, 6, 63]
['red11', 255, 231, 251]
['red11', 0, 187, 218]
['red11', 0, 19, 215]
['red11', 0, 25, 204]
['red11', 255, 16, 201]
['red11', 0, 162, 210]
['red11', 255, 144, 51]
['red11', 0, 89, 62]
['red11', 255, 202, 15]
['red11', 0, 34, 178]
['red11', 0, 18, 50]
['red11', 0, 155, 27]
['red11', 255, 106, 47]
['red11', 255, 51, 195]
['red11', 255, 188, 172]
['red11', 0, 98, 27]
['red11', 255, 176, 111]
['red11', 255, 123, 53]
['red11', 255, 186, 193]
['red11', 0, 160, 23]
['red11', 255, 55, 140]
['red11', 0, 175, 141]
['red11', 255, 223, 43]
['red11', 0, 131, 60]
['red11', 0, 25, 116]
['red11', 0, 70, 133]
['red11', 255, 231, 129]
['red11', 255, 93, 232]
['red11', 0, 154, 114]
['red11', 255, 183, 40]
['red11', 255, 49, 147]
['red11', 255, 202, 193]
['red11', 0, 129, 13]
['red11', 0, 237, 37]
['red11', 0, 171, 69]
['red11', 0, 83, 12]
['red11', 255, 109, 162]
['red11', 255, 29, 245]
['red11', 0, 42, 229]
['red11', 0, 198, 176]
['red11', 0, 10, 217]
['red11', 0, 237, 135]
['red11', 255, 216, 10]
['red11', 0, 114, 206]
['red11', 0, 195, 101]
['red11', 255, 142, 16]
['red11', 255, 186, 39]
['red11', 0, 1, 85]
['red11', 255, 127, 247]
['red11', 0, 199, 209]
['red11', 255, 38, 15]
['red11', 0, 130, 146]
['red11', 0, 219, 30]
['red11', 0, 7, 233]
['red11', 0, 229, 90]
['red11', 255, 232, 178]
['red11', 0, 182, 65]
['red11', 0, 150, 24]
['red11', 0, 18, 9]
['red11', 0, 210, 186]
['red11', 255, 113, 148]
['red11', 255, 3, 200]
['red11', 255, 190, 82]
['red11', 0, 171, 19]
['red11', 0, 188, 58]
['red11', 255, 185, 127]
['red11', 0, 250, 3]
['red11', 255, 149, 40]
['red11', 0, 213, 43]
['red11', 255, 108, 212]
['red11', 0, 156, 78]
['red11', 0, 184, 133]
['red11', 255, 132, 24]
['red11', 255, 113, 0]
['red11', 255, 71, 238]
['red11', 255, 203, 218]
['red11', 0, 190, 139]
['red11', 255, 86, 90]
['red11', 255, 189, 117]
['red11', 0, 62, 127]
['red11', 255, 153, 237]
['red11', 255, 20, 7]
['red11', 0, 127, 163]
['red11', 0, 102, 21]
['red11', 255, 231, 115]
['red11', 255, 18, 163]
['red11', 255, 146, 99]
['red11', 255, 143, 225]
['red11', 0, 201, 140]
['red11', 255, 12, 63]
['red11', 0, 91, 108]
['red11', 0, 178, 243]
['red11', 255, 124, 73]
['red11', 255, 57, 22]
['red11', 255, 33, 240]
['red11', 255, 254, 97]
['red11', 0, 63, 70]
['red11', 255, 249, 190]
['red11', 255, 253, 126]
['red11', 0, 110, 112]
['red11', 0, 68, 99]
['red11', 0, 135, 119]
['red11', 0, 89, 187]
['red11', 255, 48, 113]
['red11', 255, 3, 187]
['red11', 0, 174, 218]
['red11', 0, 57, 183]
['red11', 0, 206, 98]
['red11', 255, 169, 133]
['red11', 255, 232, 1]
['red11', 255, 235, 91]
['red11', 0, 14, 225]
['red11', 255, 89, 111]
['red11', 0, 226, 167]
['red11', 0, 96, 102]
['red11', 0, 149, 246]
['red11', 0, 152, 235]
['red11', 0, 215, 154]
['red11', 255, 79, 40]
['red11', 255, 202, 253]
['red11', 255, 49, 245]
['red11', 255, 99, 220]
['red11', 255, 55, 228]
['red11', 0, 75, 113]
['red11', 255, 94, 13]
['red11', 0, 201, 142]
['red11', 255, 7, 158]
['red11', 0, 243, 93]
['red11', 255, 219, 0]
['red11', 0, 214, 54]
['red11', 255, 110, 47]
['red11', 255, 93, 194]
['red11', 255, 37, 121]
['red11', 255, 145, 71]
['red11', 255, 77, 159]
['red11', 0, 63, 38]
['red11', 0, 209, 203]
['red11', 255, 41, 70]
['red11', 255, 65, 15]
['red11', 0, 253, 168]
['red11', 0, 147, 241]
['red11', 0, 31, 111]
['red11', 255, 236, 28]
['red11', 0, 196, 79]
['red11', 0, 97, 84]
['red11', 0, 243, 103]
['red11', 0, 212, 97]
['red11', 255, 189, 33]
['red11', 0, 85, 244]
['red11', 0, 98, 241]
['red11', 255, 161, 27]
['red11', 255, 187, 173]
['red11', 255, 206, 35]
['red11', 0, 34, 216]
['red11', 0, 3, 15]
['red11', 0, 28, 198]
['red11', 0, 49, 242]
['red11', 255, 248, 246]
['red11', 255, 110, 101]
['red11', 0, 245, 144]
['red11', 0, 28, 47]
['red11', 0, 42, 137]
['red11', 0, 245, 18]
['red11', 255, 246, 185]
['red11', 0, 141, 174]
['red11', 255, 220, 67]
['red11', 0, 3, 255]
['red11', 255, 99, 164]
['red11', 0, 232, 170]
['red11', 255, 204, 136]
['red11', 0, 208, 41]
['red11', 0, 201, 222]
['red11', 0, 54, 106]
['red11', 0, 31, 164]
['red11', 255, 189, 43]
['red11', 255, 142, 57]
['red11', 0, 239, 96]
['red11', 255, 166, 224]
['red11', 0, 172, 78]
['red11', 0, 163, 150]
['red11', 255, 201, 59]
['red11', 0, 112, 172]
['red11', 0, 29, 16]
['red11', 255, 161, 182]
['red11', 255, 207, 227]
['red11', 255, 19, 21]
['red11', 0, 239, 89]
['red11', 0, 84, 26]
['red11', 255, 230, 197]
['red11', 0, 37, 1]
['red11', 255, 14, 49]
['red11', 255, 216, 228]
['red11', 0, 212, 228]
['red11', 255, 196, 150]
['red11', 255, 164, 7]
['red11', 255, 54, 182]
['red11', 0, 113, 64]
['red11', 0, 92, 25]
['red12', 0, 223, 219]
['red12', 0, 62, 107]
['red12', 255, 195, 224]
['red12', 0, 19, 144]
['red12', 255, 118, 228]
['red12', 255, 136, 150]
['red12', 0, 128, 97]
['red12', 0, 106, 72]
['red12', 0, 119, 46]
['red12', 0, 205, 247]
['red12', 255, 98, 10]
['red12', 0, 44, 113]
['red12', 0, 226, 26]
['red12', 0, 27, 135]
['red12', 255, 142, 115]
['red12', 255, 52, 255]
['red12', 255, 215, 52]
['red12', 0, 245, 71]
['red12', 255, 43, 18]
['red12', 255, 154, 152]
['red12', 255, 28, 147]
['red12', 0, 140, 57]
['red12', 0, 170, 136]
['red12', 0, 179, 244]
['red12', 0, 214, 129]
['red12', 255, 91, 46]
['red12', 255, 33, 206]
['red12', 255, 122, 40]
['red12', 255, 29, 254]
['red12', 0, 76, 222]
['red12', 0, 60, 159]
['red12', 255, 17, 73]
['red12', 255, 245, 203]
['red12', 0, 74, 33]
['red12', 255, 104, 97]
['red12', 255, 120, 30]
['red12', 255, 47, 99]
['red12', 255, 60, 141]
['red12', 255, 153, 195]
['red12', 255, 212, 254]
['red12', 0, 30, 253]
['red12', 0, 132, 152]
['red12', 0, 23, 228]
['red12', 255, 227, 24]
['red12', 0, 254, 81]
['red12', 255, 150, 222]
['red12', 255, 254, 47]
['red12', 0, 193, 240]
['red12', 255, 244, 102]
['red12', 0, 24, 212]
['red12', 0, 153, 40]
['red12', 255, 151, 102]
['red12', 0, 185, 184]
['red12', 0, 146, 196]
['red12', 255, 69, 232]
['red12', 0, 7, 1]
['red12', 255, 147, 112]
['red12', 255, 234, 114]
['red12', 0, 223, 88]
['red12', 255, 209, 122]
['red12', 0, 30, 143]
['red12', 0, 178, 207]
['red12', 0, 245, 250]
['red12', 255, 41, 203]
['red12', 0, 67, 150]
['red12', 255, 6, 154]
['red12', 0, 53, 242]
['red12', 255, 166, 176]
['red12', 255, 151, 152]
['red12', 255, 130, 89]
['red12', 255, 162, 200]
['red12', 255, 185, 93]
['red12', 0, 17, 54]
['red12', 255, 79, 29]
['red12', 255, 45, 98]
['red12', 255, 172, 75]
['red12', 0, 72, 125]
['red12', 0, 218, 41]
['red12', 255, 255, 222]
['red12', 0, 82, 35]
['red12', 255, 251, 129]
['red12', 0, 38, 229]
['red12', 0, 102, 184]
['red12', 0, 108, 247]
['red12', 0, 20, 200]
['red12', 255, 225, 192]
['red12', 0, 169, 179]
['red12', 0, 35, 144]
['red12', 0, 39, 89]
['red12', 255, 160, 171]
['red12', 255, 251, 180]
['red12', 255, 163, 180]
['red12', 0, 247, 155]
['red12', 0, 27, 43]
['red12', 0, 165, 41]
['red12', 255, 248, 159]
['red12', 255, 150, 48]
['red12', 0, 76, 78]
['red12', 255, 146, 54]
['red12', 255, 29, 84]
['red12', 0, 90, 86]
['red12', 0, 84, 15]
['red12', 255, 250, 221]
['red12', 0, 10, 100]
['red12', 0, 161, 219]
['red12', 255, 242, 91]
['red12', 0, 70, 114]
['red12', 0, 243, 68]
['red12', 0, 182, 97]
['red12', 255, 54, 96]
['red12', 255, 60, 205]
['red12', 0, 116, 186]
['red12', 255, 123, 6]
['red12', 0, 98, 218]
['red12', 0, 135, 11]
['red12', 255, 9, 90]
['red12', 0, 0, 148]
['red12', 0, 105, 240]
['red12', 0, 136, 35]
['red12', 255, 110, 249]
['red12', 255, 207, 133]
['red12', 255, 82, 113]
['red12', 255, 149, 248]
['red12', 255, 143, 245]
['red12', 255, 19, 189]
['red12', 0, 34, 90]
['red12', 0, 29, 152]
['red12', 0, 185, 126]
['red12', 255, 69, 165]
['red12', 0, 20, 128]
['red12', 255, 135, 204]
['red12', 0, 179, 44]
['red12', 255, 205, 10]
['red12', 255, 190, 120]
['red12', 0, 149, 94]
['red12', 0, 151, 155]
['red12', 0, 87, 152]
['red12', 255, 15, 156]
['red12', 0, 230, 62]
['red12', 0, 138, 23]
['red12', 255, 64, 207]
['red12', 0, 47, 8]
['red12', 255, 96, 171]
['red12', 255, 184, 179]
['red12', 0, 188, 131]
['red12', 0, 177, 63]
['red12', 255, 243, 203]
['red12', 255, 129, 106]
['red12', 0, 79, 242]
['red12', 0, 175, 250]
['red12', 0, 203, 83]
['red12', 0, 200, 0]
['red12', 0, 142, 145]
['red12', 255, 150, 108]
['red12', 0, 194, 162]
['red12', 255, 3, 154]
['red12', 0, 234, 61]
['red12', 0, 204, 184]
['red12', 255, 25, 104]
['red12', 0, 56, 190]
['red12', 255, 165, 94]
['red12', 0, 174, 253]
['red12', 255, 173, 111]
['red12', 0, 50, 24]
['red12', 255, 52, 244]
['red12', 255, 41, 193]
['red12', 255, 93, 94]
['red12', 255, 15, 116]
['red12', 0, 238, 154]
['red12', 255, 34, 113]
['red12', 0, 249, 160]
['red12', 0, 71, 130]
['red12', 0, 179, 205]
['red12', 0, 205, 231]
['red12', 255, 215, 180]
['red12', 255, 89, 236]
['red12', 0, 175, 29]
['red12', 0, 186, 61]
['red12', 0, 186, 177]
['red12', 255, 68, 63]
['red12', 0, 41, 177]
['red12', 0, 64, 52]
['red12', 255, 26, 104]
['red12', 255, 1, 181]
['red12', 255, 189, 202]
['red12', 255, 127, 151]
['red12', 255, 143, 4]
['red12', 0, 4, 179]
['red12', 255, 119, 43]
['red12', 0, 223, 245]
['red12', 0, 114, 228]
['red12', 255, 53, 62]
['red12', 0, 161, 136]
['red12', 0, 3, 160]
['red12', 255, 76, 229]
['red12', 255, 89, 48]
['red12', 255, 159, 103]
['red12', 255, 170, 21]
['red12', 255, 248, 91]
['red12', 255, 3, 43]
['red12', 255, 144, 182]
['red12', 0, 251, 162]
['red12', 255, 143, 181]
['red12', 0, 209, 93]
['red12', 255, 170, 20]
['red12', 0, 147, 1]
['red12', 0, 160, 237]
['red12', 255, 31, 186]
['red12', 255, 133, 56]
['red12', 255, 174, 113]
['red12', 255, 182, 238]
['red12', 255, 148, 220]
['red12', 255, 142, 242]
['red12', 0, 61, 159]
['red12', 255, 243, 132]
['red12', 0, 135, 63]
['red12', 255, 21, 100]
['red12', 255, 152, 115]
['red12', 0, 32, 91]
['red12', 255, 178, 10]
['red12', 0, 111, 139]
['red12', 0, 242, 68]
['red12', 0, 219, 147]
['red12', 0, 167, 135]
['red12', 255, 28, 45]
['red12', 0, 85, 2]
['red12', 0, 112, 70]
['red12', 0, 123, 91]
['red12', 255, 201, 48]
['red12', 0, 199, 255]
['red12', 255, 43, 153]
['red12', 255, 123, 46]
['red12', 0, 229, 37]
['red12', 255, 152, 247]
['red12', 0, 143, 78]
['red12', 0, 75, 246]
['red12', 0, 4, 228]
['red12', 255, 235, 228]
['red12', 0, 48, 16]
['red12', 255, 254, 11]
['red12', 255, 22, 54]
['red12', 0, 19, 156]
['red12', 255, 26, 48]
['red12', 0, 211, 97]
['red12', 0, 157, 238]
['red12', 255, 16, 125]
['red12', 255, 229, 86]
['red12', 0, 164, 250]
['red12', 0, 253, 163]
['red12', 0, 5, 26]
